071,Wellington,41°17'S,174°47'E                                          
Based on data from,01-Jan-2012,to,31-Dec-2012,reference date:,01-Jan-2000
NZST,Tidal heights in metres.
1,Su,1,2012,04:39,0.6,10:52,1.6,17:10,0.6,23:12,1.6
2,Mo,1,2012,05:26,0.6,11:38,1.5,17:52,0.6,23:58,1.6
3,Tu,1,2012,06:11,0.7,12:22,1.5,18:32,0.6,,
4,We,1,2012,00:42,1.5,06:54,0.7,13:04,1.5,19:12,0.7
5,Th,1,2012,01:26,1.5,07:36,0.7,13:47,1.4,19:53,0.7
6,Fr,1,2012,02:08,1.5,08:18,0.7,14:32,1.4,20:35,0.7
7,Sa,1,2012,02:52,1.5,09:03,0.7,15:19,1.4,21:21,0.7
8,Su,1,2012,03:36,1.6,09:52,0.7,16:08,1.4,22:08,0.7
9,Mo,1,2012,04:22,1.6,10:43,0.7,16:58,1.4,22:58,0.7
10,Tu,1,2012,05:10,1.6,11:36,0.7,17:47,1.5,23:49,0.7
11,We,1,2012,06:00,1.6,12:30,0.7,18:37,1.5,,
12,Th,1,2012,00:41,0.6,06:51,1.6,13:22,0.6,19:26,1.5
13,Fr,1,2012,01:34,0.6,07:43,1.6,14:13,0.6,20:15,1.6
14,Sa,1,2012,02:27,0.6,08:35,1.7,15:02,0.6,21:04,1.6
15,Su,1,2012,03:20,0.5,09:28,1.7,15:50,0.5,21:55,1.6
16,Mo,1,2012,04:14,0.5,10:20,1.7,16:38,0.5,22:47,1.7
17,Tu,1,2012,05:07,0.5,11:13,1.7,17:27,0.5,23:41,1.7
18,We,1,2012,06:01,0.5,12:07,1.7,18:17,0.5,,
19,Th,1,2012,00:35,1.7,06:55,0.5,13:01,1.7,19:09,0.5
20,Fr,1,2012,01:31,1.7,07:50,0.5,13:57,1.6,20:03,0.5
21,Sa,1,2012,02:27,1.7,08:47,0.5,14:54,1.6,20:59,0.5
22,Su,1,2012,03:23,1.7,09:44,0.5,15:51,1.6,21:56,0.5
23,Mo,1,2012,04:18,1.7,10:42,0.6,16:47,1.6,22:53,0.5
24,Tu,1,2012,05:12,1.7,11:41,0.6,17:42,1.6,23:50,0.6
25,We,1,2012,06:07,1.7,12:37,0.6,18:36,1.6,,
26,Th,1,2012,00:45,0.6,07:00,1.6,13:32,0.6,19:28,1.6
27,Fr,1,2012,01:39,0.6,07:53,1.6,14:23,0.6,20:18,1.6
28,Sa,1,2012,02:32,0.6,08:45,1.6,15:11,0.6,21:07,1.6
29,Su,1,2012,03:23,0.6,09:34,1.5,15:56,0.6,21:54,1.6
30,Mo,1,2012,04:11,0.6,10:20,1.5,16:38,0.6,22:40,1.5
31,Tu,1,2012,04:56,0.7,11:04,1.5,17:18,0.6,23:23,1.5
1,We,2,2012,05:39,0.7,11:45,1.5,17:56,0.6,,
2,Th,2,2012,00:05,1.5,06:19,0.7,12:26,1.5,18:34,0.7
3,Fr,2,2012,00:46,1.6,06:58,0.7,13:06,1.5,19:13,0.7
4,Sa,2,2012,01:27,1.6,07:38,0.7,13:49,1.5,19:54,0.7
5,Su,2,2012,02:10,1.6,08:20,0.7,14:34,1.5,20:38,0.7
6,Mo,2,2012,02:55,1.6,09:06,0.7,15:24,1.5,21:27,0.6
7,Tu,2,2012,03:43,1.6,09:57,0.7,16:16,1.5,22:19,0.6
8,We,2,2012,04:34,1.6,10:53,0.6,17:09,1.5,23:14,0.6
9,Th,2,2012,05:28,1.6,11:51,0.6,18:03,1.5,,
10,Fr,2,2012,00:12,0.6,06:24,1.7,12:49,0.6,18:57,1.6
11,Sa,2,2012,01:10,0.6,07:20,1.7,13:45,0.6,19:50,1.6
12,Su,2,2012,02:08,0.5,08:16,1.7,14:39,0.5,20:44,1.7
13,Mo,2,2012,03:06,0.5,09:11,1.7,15:31,0.5,21:38,1.7
14,Tu,2,2012,04:02,0.5,10:06,1.7,16:22,0.5,22:33,1.7
15,We,2,2012,04:57,0.5,11:00,1.7,17:13,0.5,23:28,1.8
16,Th,2,2012,05:51,0.5,11:53,1.7,18:04,0.5,,
17,Fr,2,2012,00:22,1.8,06:44,0.5,12:47,1.7,18:56,0.5
18,Sa,2,2012,01:17,1.7,07:36,0.5,13:40,1.6,19:48,0.5
19,Su,2,2012,02:11,1.7,08:29,0.5,14:35,1.6,20:42,0.5
20,Mo,2,2012,03:04,1.7,09:23,0.6,15:29,1.6,21:36,0.6
21,Tu,2,2012,03:56,1.7,10:17,0.6,16:23,1.6,22:30,0.6
22,We,2,2012,04:49,1.6,11:13,0.6,17:17,1.5,23:25,0.6
23,Th,2,2012,05:41,1.6,12:08,0.7,18:09,1.5,,
24,Fr,2,2012,00:19,0.6,06:34,1.5,13:01,0.7,18:59,1.5
25,Sa,2,2012,01:13,0.7,07:25,1.5,13:51,0.7,19:48,1.5
26,Su,2,2012,02:05,0.7,08:15,1.5,14:38,0.7,20:36,1.5
27,Mo,2,2012,02:56,0.7,09:03,1.5,15:22,0.7,21:22,1.5
28,Tu,2,2012,03:43,0.7,09:48,1.5,16:03,0.7,22:05,1.5
29,We,2,2012,04:26,0.7,10:30,1.5,16:43,0.7,22:47,1.5
1,Th,3,2012,05:07,0.7,11:10,1.5,17:20,0.7,23:27,1.5
2,Fr,3,2012,05:45,0.7,11:48,1.5,17:57,0.7,,
3,Sa,3,2012,00:08,1.6,06:22,0.6,12:28,1.5,18:36,0.6
4,Su,3,2012,00:49,1.6,07:01,0.6,13:09,1.5,19:17,0.6
5,Mo,3,2012,01:32,1.6,07:42,0.6,13:55,1.5,20:02,0.6
6,Tu,3,2012,02:19,1.6,08:27,0.6,14:45,1.5,20:51,0.6
7,We,3,2012,03:09,1.6,09:18,0.6,15:39,1.5,21:46,0.6
8,Th,3,2012,04:03,1.7,10:15,0.6,16:36,1.6,22:45,0.6
9,Fr,3,2012,05:01,1.7,11:16,0.6,17:33,1.6,23:47,0.5
10,Sa,3,2012,06:00,1.7,12:18,0.6,18:30,1.7,,
11,Su,3,2012,00:49,0.5,06:59,1.7,13:18,0.5,19:27,1.7
12,Mo,3,2012,01:51,0.5,07:57,1.7,14:15,0.5,20:24,1.7
13,Tu,3,2012,02:51,0.4,08:54,1.7,15:11,0.5,21:21,1.8
14,We,3,2012,03:48,0.4,09:50,1.7,16:04,0.5,22:17,1.8
15,Th,3,2012,04:44,0.4,10:44,1.7,16:57,0.5,23:13,1.8
16,Fr,3,2012,05:37,0.4,11:38,1.7,17:49,0.5,,
17,Sa,3,2012,00:07,1.8,06:29,0.5,12:30,1.7,18:41,0.5
18,Su,3,2012,01:01,1.7,07:20,0.5,13:23,1.6,19:33,0.5
19,Mo,3,2012,01:53,1.7,08:10,0.5,14:15,1.6,20:24,0.6
20,Tu,3,2012,02:44,1.6,09:00,0.6,15:08,1.6,21:16,0.6
21,We,3,2012,03:35,1.6,09:51,0.6,15:59,1.5,22:08,0.6
22,Th,3,2012,04:25,1.5,10:43,0.7,16:50,1.5,23:01,0.7
23,Fr,3,2012,05:16,1.5,11:35,0.7,17:40,1.5,23:54,0.7
24,Sa,3,2012,06:06,1.5,12:27,0.7,18:29,1.5,,
25,Su,3,2012,00:46,0.7,06:56,1.5,13:16,0.7,19:16,1.5
26,Mo,3,2012,01:38,0.7,07:45,1.5,14:02,0.7,20:02,1.5
27,Tu,3,2012,02:27,0.7,08:31,1.5,14:46,0.7,20:46,1.5
28,We,3,2012,03:13,0.7,09:15,1.5,15:27,0.7,21:29,1.5
29,Th,3,2012,03:55,0.7,09:56,1.5,16:06,0.7,22:10,1.5
30,Fr,3,2012,04:35,0.7,10:35,1.5,16:44,0.7,22:50,1.6
31,Sa,3,2012,05:12,0.6,11:13,1.5,17:22,0.7,23:31,1.6
1,Su,4,2012,05:50,0.6,11:53,1.5,18:02,0.6,,
2,Mo,4,2012,00:14,1.6,06:28,0.6,12:36,1.5,18:45,0.6
3,Tu,4,2012,00:59,1.6,07:10,0.6,13:22,1.5,19:32,0.6
4,We,4,2012,01:48,1.6,07:55,0.6,14:14,1.6,20:24,0.5
5,Th,4,2012,02:41,1.7,08:47,0.6,15:09,1.6,21:20,0.5
6,Fr,4,2012,03:37,1.7,09:44,0.6,16:08,1.6,22:22,0.5
7,Sa,4,2012,04:37,1.7,10:47,0.6,17:07,1.7,23:25,0.5
8,Su,4,2012,05:38,1.7,11:50,0.5,18:06,1.7,,
9,Mo,4,2012,00:30,0.5,06:38,1.7,12:52,0.5,19:05,1.8
10,Tu,4,2012,01:33,0.4,07:38,1.7,13:51,0.5,20:03,1.8
11,We,4,2012,02:33,0.4,08:35,1.7,14:49,0.5,21:01,1.8
12,Th,4,2012,03:32,0.4,09:31,1.7,15:44,0.5,21:58,1.8
13,Fr,4,2012,04:27,0.4,10:26,1.7,16:38,0.5,22:54,1.8
14,Sa,4,2012,05:20,0.4,11:19,1.7,17:32,0.5,23:49,1.7
15,Su,4,2012,06:11,0.5,12:12,1.7,18:24,0.5,,
16,Mo,4,2012,00:42,1.7,07:00,0.5,13:03,1.6,19:15,0.6
17,Tu,4,2012,01:34,1.6,07:48,0.6,13:55,1.6,20:06,0.6
18,We,4,2012,02:23,1.6,08:36,0.6,14:45,1.6,20:56,0.6
19,Th,4,2012,03:12,1.5,09:24,0.7,15:35,1.5,21:46,0.7
20,Fr,4,2012,04:00,1.5,10:12,0.7,16:23,1.5,22:36,0.7
21,Sa,4,2012,04:49,1.5,11:01,0.7,17:10,1.5,23:27,0.7
22,Su,4,2012,05:38,1.4,11:50,0.7,17:56,1.5,,
23,Mo,4,2012,00:18,0.7,06:26,1.4,12:38,0.7,18:41,1.5
24,Tu,4,2012,01:08,0.7,07:13,1.4,13:23,0.7,19:26,1.5
25,We,4,2012,01:56,0.7,07:59,1.4,14:07,0.7,20:09,1.5
26,Th,4,2012,02:41,0.7,08:41,1.4,14:49,0.7,20:52,1.5
27,Fr,4,2012,03:24,0.7,09:22,1.4,15:29,0.7,21:34,1.5
28,Sa,4,2012,04:03,0.7,10:02,1.5,16:09,0.7,22:16,1.6
29,Su,4,2012,04:42,0.6,10:42,1.5,16:50,0.7,22:59,1.6
30,Mo,4,2012,05:20,0.6,11:23,1.5,17:33,0.6,23:44,1.6
1,Tu,5,2012,06:00,0.6,12:08,1.6,18:19,0.6,,
2,We,5,2012,00:32,1.6,06:43,0.6,12:56,1.6,19:09,0.6
3,Th,5,2012,01:23,1.7,07:31,0.6,13:50,1.6,20:03,0.5
4,Fr,5,2012,02:18,1.7,08:23,0.5,14:46,1.7,21:01,0.5
5,Sa,5,2012,03:16,1.7,09:21,0.5,15:46,1.7,22:03,0.5
6,Su,5,2012,04:16,1.7,10:23,0.5,16:45,1.8,23:07,0.5
7,Mo,5,2012,05:18,1.7,11:26,0.5,17:45,1.8,,
8,Tu,5,2012,00:11,0.4,06:18,1.7,12:28,0.5,18:43,1.8
9,We,5,2012,01:14,0.4,07:17,1.7,13:27,0.5,19:42,1.8
10,Th,5,2012,02:14,0.4,08:14,1.7,14:25,0.5,20:39,1.8
11,Fr,5,2012,03:12,0.4,09:09,1.7,15:22,0.5,21:37,1.8
12,Sa,5,2012,04:07,0.4,10:04,1.7,16:17,0.5,22:33,1.7
13,Su,5,2012,04:59,0.5,10:57,1.7,17:11,0.5,23:28,1.7
14,Mo,5,2012,05:49,0.5,11:50,1.6,18:04,0.5,,
15,Tu,5,2012,00:21,1.6,06:37,0.5,12:42,1.6,18:55,0.6
16,We,5,2012,01:11,1.6,07:24,0.6,13:32,1.6,19:45,0.6
17,Th,5,2012,02:00,1.5,08:10,0.6,14:21,1.6,20:33,0.7
18,Fr,5,2012,02:47,1.5,08:55,0.7,15:08,1.5,21:21,0.7
19,Sa,5,2012,03:34,1.5,09:40,0.7,15:54,1.5,22:08,0.7
20,Su,5,2012,04:21,1.4,10:27,0.7,16:38,1.5,22:57,0.7
21,Mo,5,2012,05:08,1.4,11:13,0.7,17:22,1.5,23:46,0.7
22,Tu,5,2012,05:55,1.4,11:59,0.7,18:06,1.5,,
23,We,5,2012,00:35,0.7,06:40,1.4,12:44,0.7,18:49,1.5
24,Th,5,2012,01:22,0.7,07:25,1.4,13:28,0.7,19:33,1.5
25,Fr,5,2012,02:08,0.7,08:07,1.4,14:12,0.7,20:16,1.5
26,Sa,5,2012,02:51,0.7,08:49,1.5,14:55,0.7,21:01,1.6
27,Su,5,2012,03:32,0.7,09:31,1.5,15:38,0.7,21:46,1.6
28,Mo,5,2012,04:13,0.6,10:13,1.5,16:23,0.6,22:32,1.6
29,Tu,5,2012,04:54,0.6,10:58,1.5,17:10,0.6,23:20,1.6
30,We,5,2012,05:36,0.6,11:45,1.6,18:00,0.6,,
31,Th,5,2012,00:11,1.6,06:22,0.6,12:37,1.6,18:52,0.5
1,Fr,6,2012,01:03,1.7,07:11,0.5,13:31,1.7,19:47,0.5
2,Sa,6,2012,01:59,1.7,08:05,0.5,14:29,1.7,20:46,0.5
3,Su,6,2012,02:58,1.7,09:02,0.5,15:27,1.8,21:47,0.5
4,Mo,6,2012,03:58,1.7,10:03,0.5,16:26,1.8,22:49,0.5
5,Tu,6,2012,04:58,1.7,11:04,0.5,17:24,1.8,23:52,0.4
6,We,6,2012,05:57,1.7,12:05,0.5,18:22,1.8,,
7,Th,6,2012,00:53,0.4,06:55,1.7,13:04,0.5,19:19,1.8
8,Fr,6,2012,01:52,0.4,07:51,1.7,14:01,0.5,20:17,1.8
9,Sa,6,2012,02:49,0.4,08:46,1.7,14:58,0.5,21:13,1.7
10,Su,6,2012,03:43,0.5,09:40,1.7,15:53,0.5,22:09,1.7
11,Mo,6,2012,04:35,0.5,10:33,1.6,16:48,0.5,23:03,1.6
12,Tu,6,2012,05:24,0.5,11:25,1.6,17:40,0.6,23:55,1.6
13,We,6,2012,06:11,0.6,12:16,1.6,18:31,0.6,,
14,Th,6,2012,00:45,1.6,06:56,0.6,13:06,1.6,19:19,0.6
15,Fr,6,2012,01:32,1.5,07:40,0.6,13:53,1.6,20:06,0.7
16,Sa,6,2012,02:18,1.5,08:23,0.7,14:38,1.5,20:50,0.7
17,Su,6,2012,03:03,1.5,09:07,0.7,15:21,1.5,21:36,0.7
18,Mo,6,2012,03:49,1.4,09:51,0.7,16:04,1.5,22:22,0.7
19,Tu,6,2012,04:34,1.4,10:35,0.7,16:47,1.5,23:09,0.7
20,We,6,2012,05:20,1.4,11:21,0.7,17:30,1.5,23:58,0.7
21,Th,6,2012,06:06,1.4,12:06,0.7,18:14,1.6,,
22,Fr,6,2012,00:46,0.7,06:50,1.4,12:52,0.7,18:59,1.6
23,Sa,6,2012,01:33,0.7,07:35,1.5,13:39,0.7,19:45,1.6
24,Su,6,2012,02:19,0.7,08:19,1.5,14:26,0.7,20:33,1.6
25,Mo,6,2012,03:03,0.6,09:03,1.5,15:14,0.6,21:21,1.6
26,Tu,6,2012,03:47,0.6,09:49,1.5,16:03,0.6,22:11,1.6
27,We,6,2012,04:32,0.6,10:37,1.6,16:54,0.6,23:01,1.6
28,Th,6,2012,05:17,0.6,11:28,1.6,17:46,0.5,23:54,1.6
29,Fr,6,2012,06:05,0.5,12:21,1.7,18:40,0.5,,
30,Sa,6,2012,00:48,1.6,06:56,0.5,13:17,1.7,19:35,0.5
1,Su,7,2012,01:44,1.7,07:50,0.5,14:14,1.8,20:32,0.5
2,Mo,7,2012,02:42,1.7,08:47,0.5,15:11,1.8,21:31,0.5
3,Tu,7,2012,03:40,1.7,09:46,0.5,16:08,1.8,22:32,0.5
4,We,7,2012,04:39,1.7,10:45,0.5,17:05,1.8,23:32,0.5
5,Th,7,2012,05:36,1.7,11:44,0.5,18:01,1.8,,
6,Fr,7,2012,00:31,0.5,06:33,1.7,12:41,0.5,18:57,1.8
7,Sa,7,2012,01:29,0.5,07:27,1.7,13:38,0.5,19:53,1.7
8,Su,7,2012,02:24,0.5,08:21,1.7,14:34,0.5,20:48,1.7
9,Mo,7,2012,03:17,0.5,09:14,1.6,15:29,0.5,21:43,1.6
10,Tu,7,2012,04:07,0.5,10:06,1.6,16:22,0.6,22:35,1.6
11,We,7,2012,04:55,0.6,10:57,1.6,17:14,0.6,23:25,1.6
12,Th,7,2012,05:41,0.6,11:46,1.6,18:03,0.6,,
13,Fr,7,2012,00:13,1.5,06:24,0.6,12:34,1.6,18:48,0.7
14,Sa,7,2012,00:59,1.5,07:07,0.6,13:19,1.6,19:32,0.7
15,Su,7,2012,01:43,1.5,07:48,0.7,14:03,1.5,20:15,0.7
16,Mo,7,2012,02:27,1.4,08:30,0.7,14:45,1.6,20:57,0.7
17,Tu,7,2012,03:12,1.4,09:13,0.7,15:27,1.6,21:42,0.7
18,We,7,2012,03:57,1.4,09:57,0.7,16:10,1.6,22:29,0.7
19,Th,7,2012,04:43,1.4,10:44,0.7,16:54,1.6,23:18,0.7
20,Fr,7,2012,05:30,1.5,11:31,0.7,17:41,1.6,,
21,Sa,7,2012,00:09,0.7,06:16,1.5,12:20,0.6,18:29,1.6
22,Su,7,2012,00:59,0.7,07:03,1.5,13:11,0.6,19:19,1.6
23,Mo,7,2012,01:48,0.6,07:51,1.5,14:02,0.6,20:10,1.6
24,Tu,7,2012,02:36,0.6,08:39,1.6,14:54,0.6,21:01,1.6
25,We,7,2012,03:24,0.6,09:29,1.6,15:48,0.6,21:53,1.6
26,Th,7,2012,04:12,0.6,10:20,1.6,16:41,0.5,22:46,1.6
27,Fr,7,2012,05:01,0.5,11:13,1.7,17:35,0.5,23:39,1.6
28,Sa,7,2012,05:51,0.5,12:07,1.7,18:29,0.5,,
29,Su,7,2012,00:33,1.7,06:42,0.5,13:03,1.7,19:23,0.5
30,Mo,7,2012,01:29,1.6,07:36,0.5,13:59,1.8,20:19,0.5
31,Tu,7,2012,02:26,1.6,08:32,0.5,14:55,1.8,21:15,0.5
1,We,8,2012,03:23,1.6,09:29,0.5,15:51,1.8,22:13,0.5
2,Th,8,2012,04:20,1.6,10:27,0.5,16:46,1.8,23:11,0.5
3,Fr,8,2012,05:16,1.6,11:24,0.5,17:41,1.7,,
4,Sa,8,2012,00:09,0.5,06:10,1.6,12:20,0.5,18:36,1.7
5,Su,8,2012,01:05,0.5,07:03,1.6,13:16,0.5,19:30,1.7
6,Mo,8,2012,01:58,0.6,07:56,1.6,14:11,0.6,20:23,1.6
7,Tu,8,2012,02:49,0.6,08:47,1.6,15:04,0.6,21:15,1.6
8,We,8,2012,03:37,0.6,09:37,1.6,15:56,0.6,22:05,1.6
9,Th,8,2012,04:23,0.6,10:25,1.6,16:45,0.6,22:52,1.5
10,Fr,8,2012,05:07,0.6,11:13,1.6,17:30,0.6,23:38,1.5
11,Sa,8,2012,05:49,0.6,11:58,1.6,18:13,0.7,,
12,Su,8,2012,00:21,1.5,06:29,0.7,12:41,1.6,18:54,0.7
13,Mo,8,2012,01:03,1.5,07:09,0.7,13:23,1.6,19:35,0.7
14,Tu,8,2012,01:46,1.5,07:51,0.7,14:05,1.6,20:16,0.7
15,We,8,2012,02:30,1.5,08:34,0.7,14:48,1.6,20:59,0.7
16,Th,8,2012,03:16,1.5,09:19,0.7,15:33,1.6,21:47,0.7
17,Fr,8,2012,04:04,1.5,10:08,0.6,16:20,1.6,22:38,0.7
18,Sa,8,2012,04:54,1.5,10:59,0.6,17:10,1.6,23:32,0.7
19,Su,8,2012,05:44,1.5,11:52,0.6,18:03,1.6,,
20,Mo,8,2012,00:26,0.6,06:34,1.6,12:47,0.6,18:56,1.6
21,Tu,8,2012,01:19,0.6,07:26,1.6,13:43,0.6,19:50,1.6
22,We,8,2012,02:11,0.6,08:17,1.6,14:38,0.5,20:44,1.7
23,Th,8,2012,03:03,0.6,09:10,1.7,15:34,0.5,21:38,1.7
24,Fr,8,2012,03:54,0.5,10:03,1.7,16:29,0.5,22:31,1.7
25,Sa,8,2012,04:45,0.5,10:58,1.7,17:23,0.5,23:25,1.7
26,Su,8,2012,05:36,0.5,11:53,1.7,18:16,0.5,,
27,Mo,8,2012,00:19,1.7,06:29,0.5,12:49,1.8,19:10,0.5
28,Tu,8,2012,01:13,1.7,07:23,0.5,13:44,1.8,20:03,0.5
29,We,8,2012,02:09,1.6,08:18,0.5,14:39,1.7,20:58,0.5
30,Th,8,2012,03:05,1.6,09:14,0.5,15:34,1.7,21:54,0.6
31,Fr,8,2012,04:00,1.6,10:10,0.5,16:28,1.7,22:50,0.6
1,Sa,9,2012,04:55,1.6,11:06,0.6,17:21,1.6,23:45,0.6
2,Su,9,2012,05:48,1.6,12:01,0.6,18:14,1.6,,
3,Mo,9,2012,00:39,0.6,06:39,1.6,12:55,0.6,19:07,1.6
4,Tu,9,2012,01:30,0.6,07:29,1.6,13:48,0.6,19:58,1.6
5,We,9,2012,02:19,0.6,08:18,1.6,14:40,0.6,20:47,1.5
6,Th,9,2012,03:05,0.6,09:06,1.6,15:28,0.6,21:34,1.5
7,Fr,9,2012,03:49,0.6,09:51,1.6,16:14,0.6,22:18,1.5
8,Sa,9,2012,04:30,0.6,10:36,1.6,16:57,0.6,23:00,1.5
9,Su,9,2012,05:10,0.7,11:18,1.6,17:37,0.6,23:41,1.5
10,Mo,9,2012,05:50,0.7,11:59,1.6,18:16,0.7,,
11,Tu,9,2012,00:21,1.5,06:29,0.7,12:41,1.6,18:54,0.7
12,We,9,2012,01:03,1.5,07:10,0.7,13:23,1.6,19:34,0.7
13,Th,9,2012,01:47,1.5,07:54,0.6,14:08,1.6,20:18,0.6
14,Fr,9,2012,02:35,1.5,08:42,0.6,14:56,1.6,21:06,0.6
15,Sa,9,2012,03:26,1.5,09:34,0.6,15:48,1.6,21:59,0.6
16,Su,9,2012,04:19,1.5,10:29,0.6,16:42,1.6,22:57,0.6
17,Mo,9,2012,05:13,1.6,11:27,0.6,17:38,1.6,23:55,0.6
18,Tu,9,2012,06:08,1.6,12:26,0.5,18:35,1.7,,
19,We,9,2012,00:52,0.6,07:02,1.7,13:25,0.5,19:31,1.7
20,Th,9,2012,01:47,0.5,07:56,1.7,14:23,0.5,20:26,1.7
21,Fr,9,2012,02:41,0.5,08:51,1.8,15:19,0.4,21:21,1.7
22,Sa,9,2012,03:35,0.5,09:46,1.8,16:15,0.4,22:15,1.7
23,Su,9,2012,04:27,0.5,10:42,1.8,17:08,0.4,23:08,1.7
24,Mo,9,2012,05:20,0.5,11:37,1.8,18:01,0.4,,
25,Tu,9,2012,00:02,1.7,06:14,0.5,12:33,1.8,18:53,0.5
26,We,9,2012,00:56,1.7,07:08,0.5,13:28,1.7,19:46,0.5
27,Th,9,2012,01:51,1.6,08:02,0.5,14:22,1.7,20:38,0.6
28,Fr,9,2012,02:46,1.6,08:57,0.6,15:15,1.6,21:32,0.6
29,Sa,9,2012,03:40,1.6,09:52,0.6,16:08,1.6,22:26,0.6
30,Su,9,2012,04:33,1.6,10:47,0.6,17:00,1.6,23:19,0.6
1,Mo,10,2012,05:24,1.6,11:41,0.6,17:52,1.5,,
2,Tu,10,2012,00:11,0.7,06:14,1.6,12:34,0.6,18:43,1.5
3,We,10,2012,01:00,0.7,07:02,1.6,13:25,0.6,19:31,1.5
4,Th,10,2012,01:47,0.7,07:48,1.6,14:14,0.6,20:18,1.5
5,Fr,10,2012,02:31,0.7,08:33,1.6,15:00,0.6,21:02,1.5
6,Sa,10,2012,03:13,0.7,09:16,1.6,15:43,0.6,21:44,1.5
7,Su,10,2012,03:53,0.7,09:58,1.6,16:23,0.6,22:24,1.5
8,Mo,10,2012,04:32,0.7,10:39,1.6,17:02,0.6,23:03,1.5
9,Tu,10,2012,05:11,0.7,11:19,1.6,17:39,0.6,23:42,1.5
10,We,10,2012,05:51,0.7,12:01,1.6,18:17,0.6,,
11,Th,10,2012,00:23,1.5,06:33,0.6,12:45,1.6,18:57,0.6
12,Fr,10,2012,01:08,1.5,07:19,0.6,13:32,1.6,19:41,0.6
13,Sa,10,2012,01:58,1.5,08:08,0.6,14:23,1.6,20:30,0.6
14,Su,10,2012,02:51,1.6,09:03,0.6,15:18,1.6,21:25,0.6
15,Mo,10,2012,03:48,1.6,10:02,0.5,16:16,1.6,22:25,0.6
16,Tu,10,2012,04:45,1.7,11:03,0.5,17:15,1.7,23:26,0.6
17,We,10,2012,05:42,1.7,12:05,0.5,18:14,1.7,,
18,Th,10,2012,00:26,0.5,06:39,1.8,13:06,0.4,19:11,1.7
19,Fr,10,2012,01:24,0.5,07:36,1.8,14:05,0.4,20:07,1.7
20,Sa,10,2012,02:20,0.5,08:32,1.8,15:02,0.4,21:02,1.7
21,Su,10,2012,03:14,0.4,09:28,1.8,15:58,0.4,21:56,1.7
22,Mo,10,2012,04:09,0.4,10:24,1.8,16:51,0.4,22:50,1.7
23,Tu,10,2012,05:03,0.5,11:19,1.8,17:43,0.4,23:43,1.7
24,We,10,2012,05:57,0.5,12:14,1.7,18:34,0.5,,
25,Th,10,2012,00:37,1.7,06:51,0.5,13:09,1.7,19:25,0.5
26,Fr,10,2012,01:31,1.6,07:45,0.6,14:02,1.6,20:16,0.6
27,Sa,10,2012,02:25,1.6,08:39,0.6,14:54,1.6,21:07,0.6
28,Su,10,2012,03:18,1.6,09:32,0.6,15:46,1.5,21:59,0.7
29,Mo,10,2012,04:09,1.6,10:25,0.7,16:37,1.5,22:50,0.7
30,Tu,10,2012,04:58,1.6,11:17,0.7,17:27,1.5,23:39,0.7
31,We,10,2012,05:45,1.5,12:09,0.7,18:16,1.5,,
1,Th,11,2012,00:27,0.7,06:31,1.5,12:58,0.7,19:03,1.5
2,Fr,11,2012,01:12,0.7,07:15,1.5,13:45,0.7,19:48,1.5
3,Sa,11,2012,01:55,0.7,07:58,1.5,14:30,0.7,20:30,1.5
4,Su,11,2012,02:37,0.7,08:40,1.6,15:12,0.7,21:11,1.5
5,Mo,11,2012,03:17,0.7,09:21,1.6,15:51,0.6,21:50,1.5
6,Tu,11,2012,03:57,0.7,10:02,1.6,16:28,0.6,22:28,1.5
7,We,11,2012,04:36,0.7,10:43,1.6,17:05,0.6,23:08,1.5
8,Th,11,2012,05:18,0.6,11:26,1.6,17:44,0.6,23:50,1.5
9,Fr,11,2012,06:01,0.6,12:12,1.6,18:24,0.6,,
10,Sa,11,2012,00:36,1.6,06:49,0.6,13:01,1.6,19:09,0.6
11,Su,11,2012,01:27,1.6,07:40,0.6,13:54,1.6,19:59,0.6
12,Mo,11,2012,02:22,1.6,08:37,0.5,14:51,1.6,20:55,0.6
13,Tu,11,2012,03:20,1.7,09:37,0.5,15:51,1.6,21:56,0.5
14,We,11,2012,04:19,1.7,10:40,0.5,16:51,1.7,22:59,0.5
15,Th,11,2012,05:18,1.8,11:44,0.5,17:52,1.7,,
16,Fr,11,2012,00:00,0.5,06:17,1.8,12:46,0.4,18:50,1.7
17,Sa,11,2012,01:00,0.4,07:14,1.8,13:46,0.4,19:47,1.7
18,Su,11,2012,01:57,0.4,08:11,1.8,14:43,0.4,20:42,1.7
19,Mo,11,2012,02:53,0.4,09:08,1.8,15:38,0.4,21:36,1.7
20,Tu,11,2012,03:49,0.4,10:04,1.8,16:31,0.4,22:30,1.7
21,We,11,2012,04:43,0.5,10:59,1.8,17:23,0.4,23:23,1.7
22,Th,11,2012,05:38,0.5,11:54,1.7,18:13,0.5,,
23,Fr,11,2012,00:16,1.7,06:31,0.5,12:47,1.6,19:01,0.5
24,Sa,11,2012,01:09,1.6,07:24,0.6,13:38,1.6,19:50,0.6
25,Su,11,2012,02:01,1.6,08:16,0.6,14:29,1.5,20:38,0.6
26,Mo,11,2012,02:51,1.6,09:07,0.7,15:19,1.5,21:27,0.7
27,Tu,11,2012,03:40,1.6,09:57,0.7,16:08,1.5,22:15,0.7
28,We,11,2012,04:27,1.5,10:47,0.7,16:57,1.4,23:03,0.7
29,Th,11,2012,05:12,1.5,11:37,0.7,17:45,1.4,23:49,0.7
30,Fr,11,2012,05:56,1.5,12:26,0.7,18:31,1.4,,
1,Sa,12,2012,00:34,0.7,06:39,1.5,13:13,0.7,19:15,1.4
2,Su,12,2012,01:18,0.7,07:22,1.5,13:57,0.7,19:57,1.5
3,Mo,12,2012,02:01,0.7,08:05,1.5,14:39,0.7,20:38,1.5
4,Tu,12,2012,02:43,0.7,08:47,1.6,15:19,0.7,21:17,1.5
5,We,12,2012,03:25,0.7,09:30,1.6,15:58,0.6,21:57,1.5
6,Th,12,2012,04:07,0.6,10:13,1.6,16:36,0.6,22:39,1.5
7,Fr,12,2012,04:51,0.6,10:58,1.6,17:16,0.6,23:23,1.6
8,Sa,12,2012,05:37,0.6,11:45,1.6,17:58,0.6,,
9,Su,12,2012,00:11,1.6,06:26,0.6,12:36,1.6,18:44,0.6
10,Mo,12,2012,01:02,1.6,07:18,0.5,13:29,1.6,19:35,0.5
11,Tu,12,2012,01:58,1.7,08:15,0.5,14:27,1.6,20:31,0.5
12,We,12,2012,02:56,1.7,09:15,0.5,15:27,1.7,21:31,0.5
13,Th,12,2012,03:56,1.8,10:18,0.5,16:28,1.7,22:33,0.5
14,Fr,12,2012,04:55,1.8,11:21,0.5,17:29,1.7,23:35,0.5
15,Sa,12,2012,05:54,1.8,12:24,0.4,18:27,1.7,,
16,Su,12,2012,00:36,0.4,06:52,1.8,13:24,0.4,19:24,1.7
17,Mo,12,2012,01:34,0.4,07:50,1.8,14:22,0.4,20:20,1.7
18,Tu,12,2012,02:32,0.4,08:47,1.8,15:17,0.4,21:14,1.7
19,We,12,2012,03:28,0.5,09:43,1.8,16:09,0.4,22:08,1.7
20,Th,12,2012,04:23,0.5,10:37,1.7,17:00,0.5,23:00,1.7
21,Fr,12,2012,05:17,0.5,11:31,1.7,17:48,0.5,23:52,1.7
22,Sa,12,2012,06:09,0.6,12:22,1.6,18:35,0.6,,
23,Su,12,2012,00:43,1.6,06:59,0.6,13:11,1.5,19:21,0.6
24,Mo,12,2012,01:33,1.6,07:47,0.6,13:59,1.5,20:06,0.6
25,Tu,12,2012,02:20,1.6,08:34,0.7,14:46,1.5,20:50,0.7
26,We,12,2012,03:06,1.5,09:20,0.7,15:33,1.4,21:36,0.7
27,Th,12,2012,03:50,1.5,10:08,0.7,16:20,1.4,22:21,0.7
28,Fr,12,2012,04:33,1.5,10:56,0.7,17:07,1.4,23:08,0.7
29,Sa,12,2012,05:17,1.5,11:45,0.7,17:53,1.4,23:54,0.7
30,Su,12,2012,06:01,1.5,12:34,0.7,18:38,1.4,,
31,Mo,12,2012,00:40,0.7,06:46,1.5,13:21,0.7,19:22,1.4
